0.5862715400639583
-0.9411375699183467
-0.9500499716744596
-0.22665618790342837
-0.805896147073699
0.2647157758972066
-0.1478414913566809
2.3340342694953256
0.2183208897275362
-2.35558128651507
-1.1039954520503987
0.8555981376225857
1.3433152454109027
1.8044982976169672
-1.0643094064886465
2.7311194494925286
-0.14663893484194626
-0.3398728043351507
-0.6274499030024843
-0.5188349827024497
0.987773328441984
0.6248230094157327
-1.1031542591929924
-0.9829618183437339
-0.8162103296027257
-0.6205405037216369
1.148768738601098
-0.974790945777656
0.10901364411980817
0.3055889504432782
0.6386279752148931
0.7935723919077176
0.5482798161530867
-1.752730677399419
1.185987094297514
0.1307222521319424
0.21176703378673764
-0.9014771043329118
0.05430727024131571
-0.9164188742992498
0.5885212774203209
-0.02473154253637074
-1.8128962189375362
0.5673412440192809
-1.5833372170683497
0.6890915305133984
0.5754699225054634
-0.7792639366520423
-0.8327148986519304
0.5412319678121428
0.3334257818085294
-0.1066615511506431
-0.26230911868968426
-0.782129866531674
-0.8029060472687203
1.0904891451825216
-0.39993621783613603
-1.4459007949270313
2.129050920353269
-1.256957825347474
0.21801142056954914
-0.16485871774303354
0.7987206497919068
0.6348215835329301
0.8065539630618386
0.7104436582148091
0.7269011062171408
1.4007421699463851
0.6686097830579157
-2.2283100442566197
-1.8883620978085325
-1.214986149911626
1.7405779889727144
1.74417382317008
-1.007063042048448
0.6756855724593054
-0.04796445633254928
-0.350505379454812
0.6967987990427642
0.26917527580310796
-1.48341657202097
1.0422935781635572
-0.8252177273821234
1.258077911884665
0.41337463682022074
1.344060022314681
-0.34920450619818477
-1.8583605897307478
1.437965346304227
-0.669087643354332
-0.08483987916651421
1.4498330689800678
-0.15390134047049045
-2.0558854740507693
0.46114246457254127
-1.045219543039704
-0.10757883051345016
0.053682208044556
-0.08657860785624993
-0.7823368799118691
0.1907070080736243
0.6307630571146016
0.5477571095376368
-0.22609702590047112
-1.0437805118534729
-0.5525530186606435
-0.9441901411328941
0.11197498969460117
0.36384048868512486
-0.3773225718831364
0.17390905830550793
0.8748789675503009
1.8832562871872935
0.7959466382636742
-0.3600986580443246
-1.0893959180460502
-0.15181431527058584
-0.2610986595030105
0.026106350441229966
-0.7472214824082845
-2.0758605005202737
-0.21412963520266665
1.6113399012098235
0.9724675293766674
1.4003600352069205
-0.683186950875646
1.2747861361201787
-1.3700770986953639
-2.0392675130902655
-1.4522912349818309
-0.8255320177750115
0.9627085377635702
0.41250201704185896
-0.9511749428543488
-0.013065851854745557
-0.519377830693309
-0.0066014398053055685
-0.5085753940413477
-1.3297925084630922
0.7178541300734248
-1.206182157579989
-1.829233902459141
-0.2849589081469416
2.111304205084475
-0.16269580890090163
1.3841629645364957
-1.3351137236677797
-0.8276385214320444
1.6281225108846107
-0.7136725517956668
0.9491135585203028
-0.20483087412161288
0.16502692120181947
0.8397784058276517
-0.21541687337079793
-0.34377519432133746
0.46147668053731766
1.27284726406233
0.3623787014886599
0.03185701996456982
0.7532259240367236
0.7798082729533037
0.9650553714657134
1.2439853900470268
-0.08089037475681637
0.6109403446253386
1.110252083215226
-0.7818584756772422
0.9809636279578431
0.6386341118678173
3.400243654950838
0.17795978429282
-1.3830745054378912
0.14035582186776613
-1.280872711407879
0.1674341748971179
1.200058617089774
0.9013977625213729
-1.0255125326194432
-1.5718468853082315
1.1040695512552439
0.656436569169662
-0.10966828866323129
0.6691990295289629
0.4050704441618335
-1.3345803025228273
-0.21432741132781402
0.02895858363655833
0.03574266954115314
1.1735641388009428
-0.030680763300087857
-1.2168766610765278
1.7895224008719992
-0.6217267651172893
0.36783939442173064
-0.08954862154434343
0.07282436349608788
-0.8644852648645031
1.293821030200714
0.28123693196892263
-0.407532958143159
2.421295795841828
0.6974142765474861
-0.21069860842614205
1.4095582272308687
-0.44969369211465193
-0.47158067144721294
0.2944696932332742
1.7408816336907644
1.0666484165584584
-0.7213638415820176
0.48714121924801335
-1.213730241237281
0.75291336376143
-0.034073160001688495
0.4766686858594922
-0.09297302744425824
0.1357632136323964
-0.10821266300345661
-0.7853808917765738
-0.7803724728188335
0.3331921813164407
1.3516273219275092
-0.6341553304743173
0.9214217407736878
-0.29018598481623814
-1.7910132982675986
-0.6739094649279701
0.683548347291325
-0.29860610720711156
0.14380782040599893
1.7284873394269575
0.9779351322700434
-0.5937052426452966
-0.29543559746798326
-2.2894165254611374
1.1009829969233083
-1.2029657619039738
-1.7612361993230927
-0.38259800833083696
1.1090036299074417
-0.16348398236903972
1.0415408821547862
0.664540192866555
-0.14159458205863573
0.7525841106156929
-0.40275558501496034
-1.4534419896377109
-1.0631344226532546
-1.016026508179287
0.27535876703648077
-2.0614544600782834
1.3570011767062902
0.3535463520465347
0.9725622641250092
-0.16125544561582153
-0.028509725074881843
-0.4363351207318477
2.61450353957592
-0.5265783079150979
-1.3199108010391505
-1.4940070148480433
-0.14692781703895302
0.983608330739665
0.010694113438976294
-0.19695745686500282
-0.7375214121284852
-0.855407099785983
-1.011573124277776
-1.0746285874350754
0.524973254889109
1.1579943444543592
-0.28488864237142725
0.910528421143627
-0.6519928458698541
1.7201577919351339
1.162734595802647
0.4969087871754765
0.14210036494057526
-0.7666195855786475
0.5302751559958817
0.5830558321380326
0.4515126459062947
-0.7239705872583102
1.0408562023904444
-0.023918705684955563
0.10020873822114916
-1.3445260841584679
-0.23459462688983237
0.663577514689675
-1.9032303515588351
2.183373993926357
-0.9816461750382619
-0.09725302289019348
-0.249689719754854
0.6012294831513866
-1.3418995105627316
0.20748010851723508
0.5574731902041749
1.5124226339449007
-0.06589151690843593
0.3203871749326183
-2.0911538789449944
-0.6064775199275942
0.9068659097676371
-0.887379003697789
0.5245376444247312
-0.2283250307073124
0.03431419601567014
0.12430668302333671
0.13064152101308338
-0.4993554099377259
-0.004012643085361322
1.2034650005234702
0.8872166888022929
-0.4979644130918043
-2.8258322819507433
0.01697170774344991
0.7243258011484516
1.3262862698730993
-0.1261846137838275
-1.5756805494298207
-1.7589213568987372
-0.36264969806490394
-0.2820360221331317
1.242273584576972
-0.7742642877651766
0.7010051717397943
0.3888593324525268
-0.39336937239550884
1.5131159583679352
0.4640098081875046
-0.046062698939262264
0.3612327967494136
-0.9432315816969129
-1.2926390228936706
-0.6882483914345137
-0.68734750502334
0.9116621510886894
-0.7236935792382521
1.5412127120918755
0.6485748617207091
2.1866437234628147
-0.5414265122006062
0.9656168261076178
-0.3061640591225403
0.35989907130879806
0.15109947056742368
-0.8759028258701578
0.8470408069609123
-1.8567369954064663
0.24475095016904969
-0.19031598200196126
0.6480756228220641
0.05369386617643309
-1.3955208989460899
-1.0821799380105213
0.4824562820487697
1.0674494731935484
-1.8327542668770664
-0.8825087847379531
2.1877297522190657
1.305911004478837
0.7466847644348727
0.8833621727256704
0.5120109037974941
0.02606980321184898
-0.28245759692659783
-1.8929785052181367
-0.029933361339302307
0.4925569203081695
0.7750980459951463
-0.9402312355213218
-0.25283745941024005
-0.4109274496846922
0.5353624278930103
0.4904940484431073
-0.8752410516833806
0.8679841230216103
-1.5896925551251015
-0.6444129984341762
-0.5386473391753481
0.9756322593284827
-1.342878709762888
-0.24787730253807844
0.46237477144980527
0.4769960220207762
1.8164778773701429
1.041739832571754
1.2093960466639395
-1.4418295624245994
-0.1347447216658509
-0.7844457528266481
0.15892258623092964
-0.6376564620457726
-0.8126603769992411
-0.039999541536938125
0.9291962948212984
-0.7761286210291446
2.0978882210943386
-2.0576597034107276
-1.002570275017168
0.9762095989836013
-0.8493034354922568
-0.9870259213834613
0.8929964435870704
1.0429855456874635
-1.858549698848725
-0.008936705610428546
-0.5501272706315786
0.8032452962977371
-0.5369703328587162
0.18938467225691938
-0.4441428708513438
-2.116512050594129
0.1867413539711615
-0.42170405856280485
1.0598625325803066
1.1181740782100213
-0.16410502137862865
-0.9368376367810382
1.2573761753211485
0.5633589097392897
-0.3182000993326116
-1.243525077955876
1.0249991384241215
0.6832821346895976
0.7638849061778482
-0.8272503847536804
0.7594867185826354
0.27569568649190873
-0.1474147524280295
-0.20880650551555904
-0.36198940200163615
-1.3198521082059196
-0.5200647303831657
-1.4821341341965097
-0.8459616709926617
2.025360851126618
1.7135953631611909
-1.0327912110882385
-1.6653185586561015
-1.0109569865647958
-0.36029122095811467
-0.7454765351175462
0.3555033597635999
-1.6035334076795242
0.19453882473548523
0.2763892676496711
-0.3565907330813943
0.9417358636988395
-0.9625963266582211
-2.416420663193259
1.088816645348917
-1.048113446634462
-0.34803116277442164
0.40147659105985456
-0.1808926921255293
0.06380181456356017
2.7223795672990407
-0.17056459149387318
-0.5299152502454568
0.07220884370536507
-0.629857242177377
1.7606918688239
0.10624636746625356
-0.8819448098229334
-0.617393854712101
-0.5768062907777965
-0.5695127619448732
-1.6763553404360985
-1.4914616680503459
0.6969938923300457
0.9863054739848648
-0.8296228883688365
0.4111741665142955
1.033471520324301
-0.9541248266878695
0.35724031219770386
-0.030016861765348284
0.3879944568131185
0.47207268167990646
0.25990233598608625
-0.14207747130144815
1.9021858631309616
-0.7015993427968161
-0.0996722680318029
-0.12438489797475721
-0.21589044013707762
-0.41975983027526287
0.13351121197582863
-0.7981933022471439
0.3500522903980445
-0.6162665367873269
0.2679347891337254
0.6743293927455645
-0.021425085511608995
-0.30484872741165897
0.96819664682447
1.4313097154755614
0.28435044629901496
2.031195356981981
0.9891184785755281
-0.74034425732202
1.19738036034953
-1.4027062103126184
0.006650963209060628
-1.8201185505698922
0.7506467301521134
1.3286831736407738
-2.942090839960864
0.7094948527701401
-0.9080917558121969
-1.2965374223994008
-1.0367899157079536
1.2411168245809414
0.005604199402652121
-0.6575028472262866
1.280375808831827
-1.8549219266804835
0.5637401191070247
0.002933849347912495
1.6634077161687475
-1.3265189420418306
0.45549470840979445
-0.07388283355943301
0.5815482978853779
-1.0304344152723885
-0.6370761234328876
-0.2095459819740193
0.020441844975789804
1.3542603139274065
-1.3602177524063002
-1.0394644103204054
0.9000317990654831
1.3327701483409335
-1.8375561255014115
-2.613743722929485
-0.4527285103645164
-0.5399428931867281
0.10200755966746565
0.16274790079035104
0.7402107983390344
0.18197687489156544
-1.3858808248419716
-0.02299681465057436
-1.8621915399917746
-0.6676182708542296
2.01935501607525
-0.6422770015687348
-0.17414129335663395
0.4005167967672272
0.970758805235521
-1.9716106451202404
-2.112267111731069
-0.40094220588797563
0.3273355794947163
0.09232019909902547
0.21013270908045262
-0.4125859710203564
0.837329178109117
-0.1803467874708247
-1.242799039878344
-0.8774207879274037
0.3657568833137609
-0.6157387240805173
-0.7768023369802639
0.11083483807621092
0.2094424529959559
-0.4705713674969447
-1.3632041844764753
0.6562109466471256
-0.08311116845492075
0.9190847840477279
0.42309372537193246
1.1959397774313554
1.5278893252028998
-1.0647831312425509
0.5605025059696128
1.0168117955557476
-1.296364503498707
-0.4063189573806022
1.3742506924873241
-0.056019431516373216
-0.0016417361199049822
-0.3604377211920511
0.6831570399145958
1.4152276778167916
-0.6362284560794195
-0.339467116597521
1.5416373303426445
-0.5370533444830476
0.09543070882129381
0.25638730401162674
1.2451695144768984
-0.40281307713107
-0.7686739332310828
1.650345180302207
1.253775017252357
1.1930749078440586
-0.44523489783842757
-1.7268320176245788
0.4364288890611757
0.11389249226091423
1.0879922534821465
1.2251010659344763
0.6449777671018291
0.3814033309048413
-0.6265665961439719
0.6987857360599992
0.3113812348154115
1.9882981764570808
-2.6477214373835696
0.9424792989643603
0.3801424227904576
0.1758069452784933
-0.3514940896599988
-0.34514383760573336
0.27199784319605835
-0.09877107600062657
0.12103281768558415
0.10080110352660836
-1.2018272902490925
0.9695398404290934
0.7847992058315184
0.45055056153112616
0.11064598555438017
2.043511991846788
-1.8316316538277548
0.8172066609663343
0.4780256494750404
-0.2380298166187623
0.11264494524805158
0.44307393721115945
-0.40849691863705356
0.16735791192068294
-0.38851664655677476
1.5548314558798093
-0.6812272426150061
0.3726281909595382
0.9670171249051145
0.0035738047621588706
-0.9906628727735034
-1.2461051364703992
-0.7249846069413641
0.5105656825240349
-0.3377792360739389
1.3516895887692644
-3.169533005201143
0.5574064423459213
-0.4408697107331781
-0.4374912071182271
-0.3587218285821263
0.459678549682436
-0.42372050336014877
1.292982292924883
-0.21303385972671568
1.6152612580655743
0.7499364536253967
1.0902093677698024
0.3957399706573463
-1.3260902301715272
-1.0513557547861314
0.9770094099964678
-0.024051341851087385
1.545889111358527
-1.4328231967443312
0.30592226776138065
-0.20146289656390737
0.6381405558893252
0.2722186906990471
0.3494427285146164
-0.1656785205138424
0.8993565202939227
1.0971516529177734
-0.49700697431273694
-1.398811819208529
1.246819608708341
0.46726346134905483
-2.231504056874385
1.8308750932450906
1.3217600537083916
0.6913876779292213
0.48475669604087784
1.9786918422153477
0.6076889268201175
0.05149427647478709
-0.47705796179308535
0.006370486079954293
1.0625399439464105
-0.4410726385023801
-1.2169891365397423
0.0432663825616242
0.18137370219295232
1.173717469128574
0.9536439989946293
-1.4157740120426925
0.17653021999917617
0.45826269863708585
-0.8592340509778802
-1.1995537640592695
1.0123522510123266
-0.4733794875443384
1.3870521549242898
0.992288316041595
-1.686630245795448
0.10874579467211379
-0.12848785590158754
-0.004015172185589545
0.4009600445412004
0.5603704502537772
-0.015985207818535175
-0.44249828325096063
1.3449133698052558
0.5960107523358775
0.32238490500917
0.7766338180599011
0.5772919019795858
-2.8212062701655265
0.006171344003526794
-1.9992460281555855
1.8533114840449698
-0.2665057955380363
-0.8147563457181769
0.0004112973544410164
1.8256882823637677
-2.1731803670190093
-0.6928740992697962
-1.6418929206967927
-0.052252336165963545
1.7509247997454414
0.20407646461805315
-0.151179727671992
1.9576677011393444
0.3664904013076456
-0.1596590624161095
-0.5097274438364815
1.5692566417309903
0.33035972976104117
-1.1177008586738106
0.007500466272154722
0.699347485645729
-0.568405411391919
0.45052748870845344
0.05623039805858613
1.1184576929903052
-0.7948595967455145
-0.5456244751317867
0.4130768754673632
1.0565477012060014
0.198804291493231
0.06539788758172262
1.306350917514698
-0.6081291490055151
0.4407667520850274
-0.570791235631028
-1.4078282397366646
-0.49139008123601585
-0.20202116104476434
-0.30856105405565565
1.02919161265465
1.3558046135001
-1.3203246089756424
0.8264476625791576
-0.24158028004258117
0.743490579399622
-0.09001746234698943
-1.2150869457596343
1.344556555718174
-1.0106388274363611
0.6441350280194091
0.7004882129618297
0.5473122524880119
-1.3778556315830066
0.390522405639112
-0.5080299024259352
-0.5257259260701499
0.09526163211387675
1.2491545513487676
0.32277808034142064
0.3318421733515223
0.4215714243174027
-0.3177236018199675
-0.9505683871135756
0.33915656407478717
-1.886275660565278
1.2356658373430396
0.04084272161422671
-3.139752275021045
-2.552533343409328
-0.2654025778402876
0.3475964213433838
1.8883745731677586
-0.5705698663614
1.0913190732968836
-0.5083776674984347
0.3787704847327816
0.14795953493213349
0.9054715611189309
0.6542951715286869
1.1548842573552613
-0.7143181707901074
1.1798643913988969
0.674795443671374
-2.0465963215503384
-1.1094408853463906
0.9376197475124409
0.6342751936673309
1.2405655669199194
-0.21082129263691254
-1.526850157854969
-0.1288221449113053
1.0143594502681332
-1.7779004650484898
0.6932882672422472
0.3500278591175498
1.193692701485397
0.21598531760249462
0.19407037214147407
0.23314325314195913
0.466158716410698
0.6861438059977167
0.07017029513816553
1.098084184715698
1.9423060019807303
0.4734857033916343
0.8723044013793145
0.9426384368007377
0.5070883840878995
-2.364122002290283
0.9271822728228214
0.30567727025599195
-0.27930564697516225
0.3996626758962409
-0.14486493777787168
-0.9435280374312112
1.4312751950609837
-1.0407906694149285
-0.16821413290826168
0.06294786190638749
-0.47307162105832934
-1.569105908019804
1.263152893519939
1.3414185748053769
-2.0390915154043627
-0.6238266193785763
-1.3757861552647646
0.2867620474680212
1.8650726310961026
-1.208669743100489
0.5921644771800683
0.9403260761854839
1.3057221981039737
-1.9111662038003592
-0.26129543170838887
-0.64608846616688
-0.8669098242075863
-0.13707185022085153
-1.717065228140573
1.116844675273052
-0.359233441062124
0.1562915763028879
-0.07421723806195232
-0.9157796034859349
1.1263903423798944
-0.26878549421829895
-0.7749475920697136
0.4248724178080763
1.606537593540308
1.7624168958278716
-1.7794227985348807
-0.1508824533430787
0.5947645453976698
0.08252983550787212
0.4445298841146074
1.0531067816660677
-0.2734915708163314
1.3759204044504436
-0.29594458411178753
-1.516874446155384
-0.9139639916250409
0.227789258522528
0.8699399397835101
-0.6794456799153527
-1.2920185516960083
0.4710772851036908
-0.21785613832540185
-0.7832672913143655
-0.6177524009714331
-0.056294920894697786
-0.47106220627709827
0.012050142030755847
0.6982295991707209
-0.5303648925867498
-1.111575154312598
1.768309643203294
-0.33027870008263005
1.4755883695133931
-0.5878433756674853
0.18610619519986263
-1.8018913393328968
0.5379868228110926
0.9128642089628735
-0.6208357791798536
0.385391830428954
-0.07203009176609905
1.4399948688248974
-0.11028297281117831
0.1237152727131215
0.1846184195017911
-0.13766895112710847
-1.3154563221719597
0.46261636542897444
-1.8414191771946313
-0.17927685719423314
0.052113645132412297
-0.6777375795078695
0.6740271586917125
0.9197393731985213
1.115736849256326
0.5992057736153173
-1.367632199968663
0.14830574473150587
0.3741610171942259
-0.15052334420760446
0.8460112718064917
0.07181753974246699
0.3339840365723343
-0.2975581315317923
1.2338396864283154
1.0904949833515951
-0.02052159163780646
0.9953489368792122
-0.44064841919701075
0.2938463447611382
-0.08899619833595787
1.5749976977032323
0.5519835393826716
-0.28851415589866963
0.7463998259908141
-0.26812261489258316
-0.028763237146924463
1.0889783447166073
-2.340772792664144
-1.0486627425722133
0.27729155917404963
-0.007083334887342903
-0.8870596633571691
0.7344982213376348
0.4775589021911667
-1.303774947827528
-0.5982892849759135
-2.09048117047443
0.9297153499773438
1.6213132795030558
0.02379516854071981
-0.005491521368249437
0.6880894117949371
0.03319855802773008
-0.9196852906866287
-0.32831570808599186
0.7359406115611112
0.4665269033435451
1.1432471723965583
-0.44720422938753895
0.7983173694439688
-0.3233980793396247
1.1131662518256786
-0.51800499582971
0.9215934168350545
0.8761555408871738
-1.5621021440781135
1.229567836174313
3.2117833075246502
-0.699270070919996
-0.6696981317178448
0.2973025226901985
0.5865126980165226
-0.2696009653846823
0.11780966190053709
0.5750550517293336
0.2990448639281911
0.9461640539444471
0.537826110648094
1.8778693977678116
0.030455722524505402
-0.06904522041402367
0.13916690996050957
0.10100527585854804
-1.5526133488776914
0.13865811886655166
0.21288507584633895
-0.4391206406409395
0.40926301650749447
1.597743966762961
0.13875498762180596
0.462975328557909
-1.7093767320058528
-0.6811311021124402
-2.7018776062145577
